<?xml version="1.0" encoding="UTF-8" standalone="no" ?>
<COLLADA xmlns="http://www.collada.org/2005/11/COLLADASchema" version="1.4.1">
    <asset>
        <contributor>
            <authoring_tool>SketchUp 18.0.16975</authoring_tool>
        </contributor>
        <created>2018-11-12T00:40:57Z</created>
        <modified>2018-11-12T00:40:57Z</modified>
        <unit meter="0.0254" name="inch" />
        <up_axis>Z_UP</up_axis>
    </asset>
    <library_cameras>
        <camera id="ID1" name="skp_camera_Last_Saved_SketchUp_View">
            <optics>
                <technique_common>
                    <perspective>
                        <yfov>35</yfov>
                        <aspect_ratio>0</aspect_ratio>
                        <znear>1</znear>
                        <zfar>1000</zfar>
                    </perspective>
                </technique_common>
            </optics>
        </camera>
    </library_cameras>
    <library_visual_scenes>
        <visual_scene id="ID2">
            <node name="SketchUp">
                <node name="skp_camera_Last_Saved_SketchUp_View">
                    <matrix>0.9860926 -0.07704742 0.1472582 5341.779 0.1661965 0.4571449 -0.8737261 -19386.36 0 0.8860487 0.4635923 6733.856 0 0 0 1</matrix>
                    <instance_camera url="#ID1" />
                </node>
                <node id="ID3" name="instance_0">
                    <matrix>1 0 0 2293.441 0 1 0 -1207.121 0 0 1 -211.38 0 0 0 1</matrix>
                    <instance_node url="#ID4" />
                </node>
                <node id="ID447" name="instance_34">
                    <matrix>1 0 0 2094.044 0 1 0 -1178.515 0 0 1 -141.7046 0 0 0 1</matrix>
                    <instance_node url="#ID448" />
                </node>
                <node id="ID819" name="instance_56">
                    <matrix>1 0 0 2067.737 0 1 0 -1161.963 0 0 1 127.4241 0 0 0 1</matrix>
                    <instance_node url="#ID820" />
                </node>
                <node id="ID1294" name="instance_58">
                    <matrix>1 0 0 2094.044 0 1 0 -1178.515 0 0 1 -134.2243 0 0 0 1</matrix>
                    <instance_node url="#ID1295" />
                </node>
                <node id="ID1708" name="instance_70">
                    <matrix>1 0 0 2067.737 0 1 0 -1161.963 0 0 1 25.84929 0 0 0 1</matrix>
                    <instance_node url="#ID1709" />
                </node>
            </node>
        </visual_scene>
    </library_visual_scenes>
    <library_nodes>
        <node id="ID4" name="academic_center">
            <node id="ID5" name="instance_1">
                <matrix>-0.9710064 -2.018541e-16 0.2390534 -3509.101 0.2390534 -8.199073e-16 0.9710064 412.5733 0 1 8.443892e-16 153.3454 0 0 0 1</matrix>
                <instance_node url="#ID6" />
            </node>
        </node>
        <node id="ID6" name="Academic_Center">
            <instance_geometry url="#ID108">
                <bind_material>
                    <technique_common>
                        <instance_material symbol="Material2" target="#ID10">
                            <bind_vertex_input semantic="UVSET0" input_semantic="TEXCOORD" input_set="0" />
                        </instance_material>
                    </technique_common>
                </bind_material>
            </instance_geometry>
            <instance_geometry url="#ID116">
                <bind_material>
                    <technique_common>
                        <instance_material symbol="Material2" target="#ID117">
                            <bind_vertex_input semantic="UVSET0" input_semantic="TEXCOORD" input_set="0" />
                        </instance_material>
                    </technique_common>
                </bind_material>
            </instance_geometry>
            <instance_geometry url="#ID129">
                <bind_material>
                    <technique_common>
                        <instance_material symbol="Material2" target="#ID44">
                            <bind_vertex_input semantic="UVSET0" input_semantic="TEXCOORD" input_set="0" />
                        </instance_material>
                        <instance_material symbol="Material3" target="#ID130">
                            <bind_vertex_input semantic="UVSET0" input_semantic="TEXCOORD" input_set="0" />
                        </instance_material>
                    </technique_common>
                </bind_material>
            </instance_geometry>
            <instance_geometry url="#ID137">
                <bind_material>
                    <technique_common>
                        <instance_material symbol="Material2" target="#ID44">
                            <bind_vertex_input semantic="UVSET0" input_semantic="TEXCOORD" input_set="0" />
                        </instance_material>
                        <instance_material symbol="Material3" target="#ID130">
                            <bind_vertex_input semantic="UVSET0" input_semantic="TEXCOORD" input_set="0" />
                        </instance_material>
                    </technique_common>
                </bind_material>
            </instance_geometry>
            <instance_geometry url="#ID143">
                <bind_material>
                    <technique_common>
                        <instance_material symbol="Material2" target="#ID44">
                            <bind_vertex_input semantic="UVSET0" input_semantic="TEXCOORD" input_set="0" />
                        </instance_material>
                        <instance_material symbol="Material3" target="#ID144">
                            <bind_vertex_input semantic="UVSET0" input_semantic="TEXCOORD" input_set="0" />
                        </instance_material>
                    </technique_common>
                </bind_material>
            </instance_geometry>
            <instance_geometry url="#ID156">
                <bind_material>
                    <technique_common>
                        <instance_material symbol="Material2" target="#ID44">
                            <bind_vertex_input semantic="UVSET0" input_semantic="TEXCOORD" input_set="0" />
                        </instance_material>
                        <instance_material symbol="Material3" target="#ID157">
                            <bind_vertex_input semantic="UVSET0" input_semantic="TEXCOORD" input_set="0" />
                        </instance_material>
                    </technique_common>
                </bind_material>
            </instance_geometry>
            <instance_geometry url="#ID169">
                <bind_material>
                    <technique_common>
                        <instance_material symbol="Material2" target="#ID44">
                            <bind_vertex_input semantic="UVSET0" input_semantic="TEXCOORD" input_set="0" />
                        </instance_material>
                        <instance_material symbol="Material3" target="#ID157">
                            <bind_vertex_input semantic="UVSET0" input_semantic="TEXCOORD" input_set="0" />
                        </instance_material>
                    </technique_common>
                </bind_material>
            </instance_geometry>
            <instance_geometry url="#ID177">
                <bind_material>
                    <technique_common>
                        <instance_material symbol="Material2" target="#ID44">
                            <bind_vertex_input semantic="UVSET0" input_semantic="TEXCOORD" input_set="0" />
                        </instance_material>
                        <instance_material symbol="Material3" target="#ID178">
                            <bind_vertex_input semantic="UVSET0" input_semantic="TEXCOORD" input_set="0" />
                        </instance_material>
                    </technique_common>
                </bind_material>
            </instance_geometry>
            <instance_geometry url="#ID190">
                <bind_material>
                    <technique_common>
                        <instance_material symbol="Material2" target="#ID10">
                            <bind_vertex_input semantic="UVSET0" input_semantic="TEXCOORD" input_set="0" />
                        </instance_material>
                        <instance_material symbol="Material3" target="#ID44">
                            <bind_vertex_input semantic="UVSET0" input_semantic="TEXCOORD" input_set="0" />
                        </instance_material>
                    </technique_common>
                </bind_material>
            </instance_geometry>
            <instance_geometry url="#ID198">
                <bind_material>
                    <technique_common>
                        <instance_material symbol="Material2" target="#ID10">
                            <bind_vertex_input semantic="UVSET0" input_semantic="TEXCOORD" input_set="0" />
                        </instance_material>
                        <instance_material symbol="Material3" target="#ID44">
                            <bind_vertex_input semantic="UVSET0" input_semantic="TEXCOORD" input_set="0" />
                        </instance_material>
                    </technique_common>
                </bind_material>
            </instance_geometry>
            <instance_geometry url="#ID206">
                <bind_material>
                    <technique_common>
                        <instance_material symbol="Material2" target="#ID44">
                            <bind_vertex_input semantic="UVSET0" input_semantic="TEXCOORD" input_set="0" />
                        </instance_material>
                        <instance_material symbol="Material3" target="#ID50">
                            <bind_vertex_input semantic="UVSET0" input_semantic="TEXCOORD" input_set="0" />
                        </instance_material>
                    </technique_common>
                </bind_material>
            </instance_geometry>
            <instance_geometry url="#ID214">
                <bind_material>
                    <technique_common>
                        <instance_material symbol="Material2" target="#ID44">
                            <bind_vertex_input semantic="UVSET0" input_semantic="TEXCOORD" input_set="0" />
                        </instance_material>
                        <instance_material symbol="Material3" target="#ID215">
                            <bind_vertex_input semantic="UVSET0" input_semantic="TEXCOORD" input_set="0" />
                        </instance_material>
                    </technique_common>
                </bind_material>
            </instance_geometry>
            <instance_geometry url="#ID227">
                <bind_material>
                    <technique_common>
                        <instance_material symbol="Material2" target="#ID10">
                            <bind_vertex_input semantic="UVSET0" input_semantic="TEXCOORD" input_set="0" />
                        </instance_material>
                        <instance_material symbol="Material3" target="#ID44">
                            <bind_vertex_input semantic="UVSET0" input_semantic="TEXCOORD" input_set="0" />
                        </instance_material>
                    </technique_common>
                </bind_material>
            </instance_geometry>
            <instance_geometry url="#ID235">
                <bind_material>
                    <technique_common>
                        <instance_material symbol="Material2" target="#ID44">
                            <bind_vertex_input semantic="UVSET0" input_semantic="TEXCOORD" input_set="0" />
                        </instance_material>
                        <instance_material symbol="Material3" target="#ID236">
                            <bind_vertex_input semantic="UVSET0" input_semantic="TEXCOORD" input_set="0" />
                        </instance_material>
                    </technique_common>
                </bind_material>
            </instance_geometry>
            <instance_geometry url="#ID248">
                <bind_material>
                    <technique_common>
                        <instance_material symbol="Material2" target="#ID10">
                            <bind_vertex_input semantic="UVSET0" input_semantic="TEXCOORD" input_set="0" />
                        </instance_material>
                        <instance_material symbol="Material3" target="#ID44">
                            <bind_vertex_input semantic="UVSET0" input_semantic="TEXCOORD" input_set="0" />
                        </instance_material>
                    </technique_common>
                </bind_material>
            </instance_geometry>
            <instance_geometry url="#ID256">
                <bind_material>
                    <technique_common>
                        <instance_material symbol="Material2" target="#ID44">
                            <bind_vertex_input semantic="UVSET0" input_semantic="TEXCOORD" input_set="0" />
                        </instance_material>
                        <instance_material symbol="Material3" target="#ID257">
                            <bind_vertex_input semantic="UVSET0" input_semantic="TEXCOORD" input_set="0" />
                        </instance_material>
                    </technique_common>
                </bind_material>
            </instance_geometry>
            <instance_geometry url="#ID269">
                <bind_material>
                    <technique_common>
                        <instance_material symbol="Material2" target="#ID44">
                            <bind_vertex_input semantic="UVSET0" input_semantic="TEXCOORD" input_set="0" />
                        </instance_material>
                        <instance_material symbol="Material3" target="#ID270">
                            <bind_vertex_input semantic="UVSET0" input_semantic="TEXCOORD" input_set="0" />
                        </instance_material>
                    </technique_common>
                </bind_material>
            </instance_geometry>
            <instance_geometry url="#ID282">
                <bind_material>
                    <technique_common>
                        <instance_material symbol="Material2" target="#ID44">
                            <bind_vertex_input semantic="UVSET0" input_semantic="TEXCOORD" input_set="0" />
                        </instance_material>
                        <instance_material symbol="Material3" target="#ID270">
                            <bind_vertex_input semantic="UVSET0" input_semantic="TEXCOORD" input_set="0" />
                        </instance_material>
                    </technique_common>
                </bind_material>
            </instance_geometry>
            <instance_geometry url="#ID290">
                <bind_material>
                    <technique_common>
                        <instance_material symbol="Material2" target="#ID44">
                            <bind_vertex_input semantic="UVSET0" input_semantic="TEXCOORD" input_set="0" />
                        </instance_material>
                        <instance_material symbol="Material3" target="#ID270">
                            <bind_vertex_input semantic="UVSET0" input_semantic="TEXCOORD" input_set="0" />
                        </instance_material>
                    </technique_common>
                </bind_material>
            </instance_geometry>
            <instance_geometry url="#ID298">
                <bind_material>
                    <technique_common>
                        <instance_material symbol="Material2" target="#ID44">
                            <bind_vertex_input semantic="UVSET0" input_semantic="TEXCOORD" input_set="0" />
                        </instance_material>
                        <instance_material symbol="Material3" target="#ID299">
                            <bind_vertex_input semantic="UVSET0" input_semantic="TEXCOORD" input_set="0" />
                        </instance_material>
                    </technique_common>
                </bind_material>
            </instance_geometry>
            <instance_geometry url="#ID311">
                <bind_material>
                    <technique_common>
                        <instance_material symbol="Material2" target="#ID10">
                            <bind_vertex_input semantic="UVSET0" input_semantic="TEXCOORD" input_set="0" />
                        </instance_material>
                        <instance_material symbol="Material3" target="#ID130">
                            <bind_vertex_input semantic="UVSET0" input_semantic="TEXCOORD" input_set="0" />
                        </instance_material>
                    </technique_common>
                </bind_material>
            </instance_geometry>
            <instance_geometry url="#ID319">
                <bind_material>
                    <technique_common>
                        <instance_material symbol="Material2" target="#ID44">
                            <bind_vertex_input semantic="UVSET0" input_semantic="TEXCOORD" input_set="0" />
                        </instance_material>
                        <instance_material symbol="Material3" target="#ID50">
                            <bind_vertex_input semantic="UVSET0" input_semantic="TEXCOORD" input_set="0" />
                        </instance_material>
                    </technique_common>
                </bind_material>
            </instance_geometry>
            <instance_geometry url="#ID327">
                <bind_material>
                    <technique_common>
                        <instance_material symbol="Material2" target="#ID44">
                            <bind_vertex_input semantic="UVSET0" input_semantic="TEXCOORD" input_set="0" />
                        </instance_material>
                        <instance_material symbol="Material3" target="#ID328">
                            <bind_vertex_input semantic="UVSET0" input_semantic="TEXCOORD" input_set="0" />
                        </instance_material>
                    </technique_common>
                </bind_material>
            </instance_geometry>
            <instance_geometry url="#ID340">
                <bind_material>
                    <technique_common>
                        <instance_material symbol="Material2" target="#ID130">
                            <bind_vertex_input semantic="UVSET0" input_semantic="TEXCOORD" input_set="0" />
                        </instance_material>
                        <instance_material symbol="Material3" target="#ID328">
                            <bind_vertex_input semantic="UVSET0" input_semantic="TEXCOORD" input_set="0" />
                        </instance_material>
                    </technique_common>
                </bind_material>
            </instance_geometry>
            <instance_geometry url="#ID348">
                <bind_material>
                    <technique_common>
                        <instance_material symbol="Material2" target="#ID44">
                            <bind_vertex_input semantic="UVSET0" input_semantic="TEXCOORD" input_set="0" />
                        </instance_material>
                        <instance_material symbol="Material3" target="#ID130">
                            <bind_vertex_input semantic="UVSET0" input_semantic="TEXCOORD" input_set="0" />
                        </instance_material>
                    </technique_common>
                </bind_material>
            </instance_geometry>
            <instance_geometry url="#ID354">
                <bind_material>
                    <technique_common>
                        <instance_material symbol="Material2" target="#ID44">
                            <bind_vertex_input semantic="UVSET0" input_semantic="TEXCOORD" input_set="0" />
                        </instance_material>
                        <instance_material symbol="Material3" target="#ID355">
                            <bind_vertex_input semantic="UVSET0" input_semantic="TEXCOORD" input_set="0" />
                        </instance_material>
                    </technique_common>
                </bind_material>
            </instance_geometry>
            <instance_geometry url="#ID367">
                <bind_material>
                    <technique_common>
                        <instance_material symbol="Material2" target="#ID44">
                            <bind_vertex_input semantic="UVSET0" input_semantic="TEXCOORD" input_set="0" />
                        </instance_material>
                        <instance_material symbol="Material3" target="#ID371">
                            <bind_vertex_input semantic="UVSET0" input_semantic="TEXCOORD" input_set="0" />
                        </instance_material>
                    </technique_common>
                </bind_material>
            </instance_geometry>
            <instance_geometry url="#ID380">
                <bind_material>
                    <technique_common>
                        <instance_material symbol="Material2" target="#ID44">
                            <bind_vertex_input semantic="UVSET0" input_semantic="TEXCOORD" input_set="0" />
                        </instance_material>
                        <instance_material symbol="Material3" target="#ID381">
                            <bind_vertex_input semantic="UVSET0" input_semantic="TEXCOORD" input_set="0" />
                        </instance_material>
                    </technique_common>
                </bind_material>
            </instance_geometry>
            <instance_geometry url="#ID393">
                <bind_material>
                    <technique_common>
                        <instance_material symbol="Material2" target="#ID44">
                            <bind_vertex_input semantic="UVSET0" input_semantic="TEXCOORD" input_set="0" />
                        </instance_material>
                        <instance_material symbol="Material3" target="#ID144">
                            <bind_vertex_input semantic="UVSET0" input_semantic="TEXCOORD" input_set="0" />
                        </instance_material>
                    </technique_common>
                </bind_material>
            </instance_geometry>
            <instance_geometry url="#ID401">
                <bind_material>
                    <technique_common>
                        <instance_material symbol="Material2" target="#ID10">
                            <bind_vertex_input semantic="UVSET0" input_semantic="TEXCOORD" input_set="0" />
                        </instance_material>
                        <instance_material symbol="Material3" target="#ID130">
                            <bind_vertex_input semantic="UVSET0" input_semantic="TEXCOORD" input_set="0" />
                        </instance_material>
                    </technique_common>
                </bind_material>
            </instance_geometry>
            <instance_geometry url="#ID409">
                <bind_material>
                    <technique_common>
                        <instance_material symbol="Material2" target="#ID10">
                            <bind_vertex_input semantic="UVSET0" input_semantic="TEXCOORD" input_set="0" />
                        </instance_material>
                        <instance_material symbol="Material3" target="#ID44">
                            <bind_vertex_input semantic="UVSET0" input_semantic="TEXCOORD" input_set="0" />
                        </instance_material>
                    </technique_common>
                </bind_material>
            </instance_geometry>
            <instance_geometry url="#ID417">
                <bind_material>
                    <technique_common>
                        <instance_material symbol="Material2" target="#ID44">
                            <bind_vertex_input semantic="UVSET0" input_semantic="TEXCOORD" input_set="0" />
                        </instance_material>
                        <instance_material symbol="Material3" target="#ID130">
                            <bind_vertex_input semantic="UVSET0" input_semantic="TEXCOORD" input_set="0" />
                        </instance_material>
                    </technique_common>
                </bind_material>
            </instance_geometry>
            <instance_geometry url="#ID423">
                <bind_material>
                    <technique_common>
                        <instance_material symbol="Material2" target="#ID10">
                            <bind_vertex_input semantic="UVSET0" input_semantic="TEXCOORD" input_set="0" />
                        </instance_material>
                        <instance_material symbol="Material3" target="#ID44">
                            <bind_vertex_input semantic="UVSET0" input_semantic="TEXCOORD" input_set="0" />
                        </instance_material>
                    </technique_common>
                </bind_material>
            </instance_geometry>
            <instance_geometry url="#ID431">
                <bind_material>
                    <technique_common>
                        <instance_material symbol="Material2" target="#ID44">
                            <bind_vertex_input semantic="UVSET0" input_semantic="TEXCOORD" input_set="0" />
                        </instance_material>
                        <instance_material symbol="Material3" target="#ID328">
                            <bind_vertex_input semantic="UVSET0" input_semantic="TEXCOORD" input_set="0" />
                        </instance_material>
                    </technique_common>
                </bind_material>
            </instance_geometry>
            <instance_geometry url="#ID439">
                <bind_material>
                    <technique_common>
                        <instance_material symbol="Material2" target="#ID44">
                            <bind_vertex_input semantic="UVSET0" input_semantic="TEXCOORD" input_set="0" />
                        </instance_material>
                        <instance_material symbol="Material3" target="#ID157">
                            <bind_vertex_input semantic="UVSET0" input_semantic="TEXCOORD" input_set="0" />
                        </instance_material>
                    </technique_common>
                </bind_material>
            </instance_geometry>
            <node id="ID7" name="instance_2">
                <matrix>-0.9251752 6.385707e-20 0.3795403 1691.992 3.201752e-16 1 7.802975e-16 1.953641e-12 -0.3795403 8.434313e-16 -0.9251752 1680.239 0 0 0 1</matrix>
                <instance_node url="#ID8" />
            </node>
            <node id="ID22" name="instance_3">
                <matrix>-0.7719451 6.385707e-20 0.6356892 1315.457 5.362094e-16 1 6.510421e-16 1.251183e-12 -0.6356892 8.434313e-16 -0.7719451 2339.277 0 0 0 1</matrix>
                <instance_node url="#ID8" />
            </node>
            <node id="ID23" name="instance_4">
                <matrix>-0.7308978 6.385707e-20 0.6824869 1217.499 5.756775e-16 1 6.164185e-16 1.141073e-12 -0.6824869 8.434313e-16 -0.7308978 2456.252 0 0 0 1</matrix>
                <instance_node url="#ID8" />
            </node>
            <node id="ID24" name="instance_5">
                <matrix>-0.6870183 6.385707e-20 0.7266401 1112.789 6.129149e-16 1 5.794063e-16 1.02993e-12 -0.7266401 8.434313e-16 -0.6870183 2567.213 0 0 0 1</matrix>
                <instance_node url="#ID8" />
            </node>
            <node id="ID25" name="instance_6">
                <matrix>-0.8449187 6.385707e-20 0.5348948 1489.76 4.512009e-16 1 7.125967e-16 1.439534e-12 -0.5348948 8.434313e-16 -0.8449187 2088.951 0 0 0 1</matrix>
                <instance_node url="#ID8" />
            </node>
            <node id="ID26" name="instance_7">
                <matrix>-0.8765621 6.385707e-20 0.4812887 1565.492 4.059899e-16 1 7.392892e-16 1.574457e-12 -0.4812887 8.434313e-16 -0.8765621 1956.478 0 0 0 1</matrix>
                <instance_node url="#ID8" />
            </node>
            <node id="ID27" name="instance_8">
                <matrix>-0.904809 6.385707e-20 0.4258177 1633.247 3.592057e-16 1 7.63117e-16 1.708022e-12 -0.4258177 8.434313e-16 -0.904809 1819.746 0 0 0 1</matrix>
                <instance_node url="#ID8" />
            </node>
            <node id="ID28" name="instance_9">
                <matrix>-0.8100013 6.385707e-20 0.5864281 1406.317 4.946635e-16 1 6.831429e-16 1.303328e-12 -0.5864281 8.434313e-16 -0.8100013 2216.701 0 0 0 1</matrix>
                <instance_node url="#ID8" />
            </node>
            <node id="ID29" name="instance_10">
                <matrix>-0.9506886 6.385707e-20 0.310147 1743.898 2.616484e-16 1 8.018207e-16 1.999224e-12 -0.310147 8.434313e-16 -0.9506886 1535.437 0 0 0 1</matrix>
                <instance_node url="#ID8" />
            </node>
            <node id="ID30" name="instance_11">
                <matrix>-0.9651497 6.385707e-20 0.2616985 1785.742 2.207863e-16 1 8.140207e-16 2.099711e-12 -0.2616985 8.434313e-16 -0.9651497 1389.954 0 0 0 1</matrix>
                <instance_node url="#ID8" />
            </node>
            <node id="ID31" name="instance_12">
                <matrix>-0.3744693 6.385707e-20 0.9272393 231.1216 7.820865e-16 1 3.157799e-16 4.313174e-13 -0.9272393 8.434313e-16 -0.3744693 3145.423 0 0 0 1</matrix>
                <instance_node url="#ID8" />
            </node>
            <node id="ID32" name="instance_13">
                <matrix>-0.3744693 6.385707e-20 0.9272393 364.8365 7.820865e-16 1 3.157799e-16 4.887876e-13 -0.9272393 8.434313e-16 -0.3744693 3086.564 0 0 0 1</matrix>
                <instance_node url="#ID8" />
            </node>
            <node id="ID33" name="instance_14">
                <matrix>-0.4314354 6.385707e-20 0.9021439 501.5934 7.609239e-16 1 3.638285e-16 5.472731e-13 -0.9021439 8.434313e-16 -0.4314354 3019.021 0 0 0 1</matrix>
                <instance_node url="#ID8" />
            </node>
            <node id="ID34" name="instance_15">
                <matrix>-0.4867297 6.385707e-20 0.8735527 634.1151 7.368127e-16 1 4.104672e-16 7.758441e-13 -0.8735527 8.434313e-16 -0.4867297 2943.493 0 0 0 1</matrix>
                <instance_node url="#ID8" />
            </node>
            <node id="ID35" name="instance_16">
                <matrix>-0.5401379 6.385707e-20 0.8415765 761.9358 7.098464e-16 1 4.555155e-16 8.33336e-13 -0.8415765 8.434313e-16 -0.5401379 2860.243 0 0 0 1</matrix>
                <instance_node url="#ID8" />
            </node>
            <node id="ID36" name="instance_17">
                <matrix>-0.5914532 6.385707e-20 0.8063393 884.6059 6.801296e-16 1 4.987986e-16 8.333334e-13 -0.8063393 8.434313e-16 -0.5914532 2769.564 0 0 0 1</matrix>
                <instance_node url="#ID8" />
            </node>
            <node id="ID37" name="instance_18">
                <matrix>-0.02424909 8.987542e-17 0.9997059 510.5267 8.441409e-16 1 -6.942619e-17 1.626543e-13 -0.9997059 8.422091e-16 -0.02424909 3957.997 0 0 0 1</matrix>
                <instance_node url="#ID38" />
            </node>
            <node id="ID75" name="instance_19">
                <matrix>-0.1849014 8.81749e-17 0.9827571 1057.023 8.288733e-16 1 6.622689e-17 2.544953e-13 -0.9827571 8.268266e-16 -0.1849014 3685.508 0 0 0 1</matrix>
                <instance_node url="#ID38" />
            </node>
            <node id="ID76" name="instance_20">
                <matrix>-0.4876637 7.80209e-17 0.8730316 1984.066 7.362223e-16 1 3.218761e-16 9.290161e-13 -0.8730316 7.997126e-16 -0.4876637 2896.528 0 0 0 1</matrix>
                <instance_node url="#ID38" />
            </node>
            <node id="ID77" name="instance_21">
                <matrix>-0.3407285 8.419651e-17 0.9401618 1552.513 7.929063e-16 1 1.978056e-16 4.825222e-13 -0.9401618 8.128582e-16 -0.3407285 3328.581 0 0 0 1</matrix>
                <instance_node url="#ID38" />
            </node>
            <node id="ID78" name="instance_22">
                <matrix>-0.6218727 6.980922e-17 0.7831184 2340.422 6.603006e-16 1 4.352007e-16 1.250165e-12 -0.7831184 7.877329e-16 -0.6218727 2400.626 0 0 0 1</matrix>
                <instance_node url="#ID38" />
            </node>
            <node id="ID79" name="instance_23">
                <matrix>-0.9989185 6.385707e-20 -0.04649607 1860.8 -3.915245e-17 1 8.42522e-16 2.833855e-12 0.04649607 8.434313e-16 -0.9989185 616.7233 0 0 0 1</matrix>
                <instance_node url="#ID8" />
            </node>
            <node id="ID80" name="instance_24">
                <matrix>-0.999876 6.385707e-20 0.01574539 1865.702 1.334401e-17 1 8.433257e-16 2.71339e-12 -0.01574539 8.434313e-16 -0.999876 777.0954 0 0 0 1</matrix>
                <instance_node url="#ID8" />
            </node>
            <node id="ID81" name="instance_25">
                <matrix>-0.9969592 6.385707e-20 0.07792584 1860.616 6.578875e-17 1 8.408615e-16 2.477281e-12 -0.07792584 8.434313e-16 -0.9969592 937.4616 0 0 0 1</matrix>
                <instance_node url="#ID8" />
            </node>
            <node id="ID82" name="instance_26">
                <matrix>-0.9917461 6.385707e-20 0.1282171 1844.07 1.082056e-16 1 8.364615e-16 2.381136e-12 -0.1282171 8.434313e-16 -0.9917461 1095.725 0 0 0 1</matrix>
                <instance_node url="#ID8" />
            </node>
            <node id="ID83" name="instance_27">
                <matrix>-0.9818472 6.385707e-20 0.1896738 1820.153 1.600395e-16 1 8.281085e-16 2.255799e-12 -0.1896738 8.434313e-16 -0.9818472 1240.014 0 0 0 1</matrix>
                <instance_node url="#ID8" />
            </node>
            <node id="ID84" name="instance_28">
                <matrix>-0.7525734 -3.817673e-15 -0.6585084 2483.275 -5.362645e-16 1.075521 -4.777503e-15 744 0.6585084 -3.487147e-15 -0.7525734 100.6911 0 0 0 1</matrix>
                <instance_node url="#ID85" />
            </node>
            <node id="ID94" name="instance_29">
                <matrix>-0.6404766 6.385707e-20 0.7679777 1001.694 6.477773e-16 1 5.40149e-16 9.746886e-13 -0.7679777 8.434313e-16 -0.6404766 2671.773 0 0 0 1</matrix>
                <instance_node url="#ID8" />
            </node>
            <node id="ID95" name="instance_30">
                <matrix>-0.2339503 2.041204e-19 0.9722485 57.97357 8.200918e-16 1 1.971272e-16 4.228798e-13 -0.9722485 8.434511e-16 -0.2339503 3205.977 0 0 0 1</matrix>
                <instance_node url="#ID8" />
            </node>
            <node id="ID96" name="instance_31">
                <matrix>-0.739853 5.977577e-17 0.6727686 2612.279 5.671224e-16 1 5.34822e-16 1.784583e-12 -0.6727686 7.772318e-16 -0.739853 1853.816 0 0 0 1</matrix>
                <instance_node url="#ID38" />
            </node>
            <node id="ID97" name="instance_32">
                <matrix>-0.3172962 2.036885e-14 -0.9483265 143.2663 -8.026252e-16 1 2.174728e-14 -9.385957e-13 0.9483265 7.66148e-15 -0.3172962 3495.094 0 0 0 1</matrix>
                <instance_node url="#ID98" />
            </node>
            <node id="ID107" name="instance_33">
                <matrix>-0.8385258 4.818238e-17 0.5448619 2792.544 4.591194e-16 1 6.181403e-16 2.302816e-12 -0.5448619 7.684832e-16 -0.8385258 1270.367 0 0 0 1</matrix>
                <instance_node url="#ID38" />
            </node>
        </node>
        <node id="ID8" name="AC_Column">
            <instance_geometry url="#ID9">
                <bind_material>
                    <technique_common>
                        <instance_material symbol="Material2" target="#ID10">
                            <bind_vertex_input semantic="UVSET0" input_semantic="TEXCOORD" input_set="0" />
                        </instance_material>
                    </technique_common>
                </bind_material>
            </instance_geometry>
        </node>
        <node id="ID38" name="AC_Backside_Segment">
            <instance_geometry url="#ID39">
                <bind_material>
                    <technique_common>
                        <instance_material symbol="Material2" target="#ID10">
                            <bind_vertex_input semantic="UVSET0" input_semantic="TEXCOORD" input_set="0" />
                        </instance_material>
                        <instance_material symbol="Material3" target="#ID44">
                            <bind_vertex_input semantic="UVSET0" input_semantic="TEXCOORD" input_set="0" />
                        </instance_material>
                    </technique_common>
                </bind_material>
            </instance_geometry>
            <instance_geometry url="#ID49">
                <bind_material>
                    <technique_common>
                        <instance_material symbol="Material2" target="#ID44">
                            <bind_vertex_input semantic="UVSET0" input_semantic="TEXCOORD" input_set="0" />
                        </instance_material>
                        <instance_material symbol="Material3" target="#ID50">
                            <bind_vertex_input semantic="UVSET0" input_semantic="TEXCOORD" input_set="0" />
                        </instance_material>
                    </technique_common>
                </bind_material>
            </instance_geometry>
            <instance_geometry url="#ID62">
                <bind_material>
                    <technique_common>
                        <instance_material symbol="Material2" target="#ID44">
                            <bind_vertex_input semantic="UVSET0" input_semantic="TEXCOORD" input_set="0" />
                        </instance_material>
                        <instance_material symbol="Material3" target="#ID63">
                            <bind_vertex_input semantic="UVSET0" input_semantic="TEXCOORD" input_set="0" />
                        </instance_material>
                    </technique_common>
                </bind_material>
            </instance_geometry>
        </node>
        <node id="ID85" name="cc.pipe">
            <instance_geometry url="#ID86">
                <bind_material>
                    <technique_common>
                        <instance_material symbol="Material2" target="#ID44">
                            <bind_vertex_input semantic="UVSET0" input_semantic="TEXCOORD" input_set="0" />
                        </instance_material>
                        <instance_material symbol="Material3" target="#ID87">
                            <bind_vertex_input semantic="UVSET0" input_semantic="TEXCOORD" input_set="0" />
                        </instance_material>
                    </technique_common>
                </bind_material>
            </instance_geometry>
        </node>
        <node id="ID98" name="acoc_rearredcol">
            <instance_geometry url="#ID99">
                <bind_material>
                    <technique_common>
                        <instance_material symbol="Material2" target="#ID44">
                            <bind_vertex_input semantic="UVSET0" input_semantic="TEXCOORD" input_set="0" />
                        </instance_material>
                        <instance_material symbol="Material3" target="#ID50">
